%obj_name
enemy

%obj_file_path
resource/OBJ files/dummy_obj_red.obj

%group_number
15

%group_info
0
1, 2
3, 4
5, 6
7, 8
9, 10
11, 12
13, 14
15, 16
17, 18
19, 20
21, 22
23, 24
25, 26
27, 28

%group_translation
0, -100, 0
0, -115, 0
20, -137.5, 0
47, -137.5, 0
73, -137.5, 0
-20, -137.5, 0
-47, -137.5, 0
-73, -137.5, 0
0, -150, 0
8, -93, 0
8, -48, 0
8, -8, 0
-8, -93, 0
-8, -48, 0
-8, -8 , 0

%group_rotation
0, 0, 0, 1
180, 0, 0, 1
90, 0, 0, 1
90, 0, 0, 1
90, 0, 0, 1
-90, 0, 0, 1
-90, 0, 0, 1
-90, 0, 0, 1
180, 0, 0, 1
0, 0, 0, 1
0, 0, 0, 1
0, 0, 0, 1
0, 0, 0, 1
0, 0, 0, 1
0, 0 ,0, 1

%group_port
0, 1, 0, 2, 0, 1, 2, 1, 0, 0, 1, 1, 2, 0, 1

%parent_info
-1, 0, 1, 2, 3, 1, 5, 6, 1, 0, 9, 10, 0, 12, 13

%parent_rotation
90, 1, 0, 0
180, 0, 0, 1
90, 0, 0, 1
0, 0, 0, 1
0, 0, 0, 1
-90, 0, 0, 1
0, 0, 0, 1
0, 0, 0, 1
0, 0, 0, 1
0, 0, 0, 1
0, 0, 0, 1
0, 0, 0, 1
0, 0, 0, 1
0, 0, 0, 1
0, 0, 0, 1

%parent_translation
0, 0, 0
0, 15, 0
18, -23, 0
0, -25, 0
0, -25, 0
-18, -23, 0
0, -25, 0
0, -25, 0
0, -35, 0
-8, -8, 0
0, -40, 0
0, -40, 0
8, -8, 0
0, -40, 0
0, -40, 0

%line_color
255, 255, 255, 255

%surface_color
0, 0, 255, 255